TIMINGS FOR SORTED RECURRENTS

Timing for n = 5

option = 0
0.14165759086608887, 0.13440179824829102, 0.17870068550109863, 0.23164033889770508, 0.35106968879699707, 0.5992221832275391, 1.1173253059387207, 0.1348264217376709, 0.22454071044921875, 0.35080957412719727, 0.5849204063415527, 1.132028341293335, 0.2163534164428711, 0.5518374443054199, 0.9900271892547607, 0.22463464736938477, 0.5857446193695068, 1.1174304485321045, 0.5041670799255371, 0.9697628021240234, 0.5518062114715576, 0.994173526763916, 0.5961987972259521, 1.1203680038452148, 0.8479568958282471, 0.8924517631530762, 0.8949382305145264, 0.9708461761474609, 1.107250452041626, 0.7972280979156494, 0.8427190780639648, 0.8648262023925781, 0.8733558654785156, 0.9943177700042725, 1.0275352001190186, 1.117936611175537

option = 1
0.14317703247070312, 0.13436269760131836, 0.14964818954467773, 0.1935892105102539, 0.26039624214172363, 0.5463287830352783, 1.6255860328674316, 0.1308755874633789, 0.18818068504333496, 0.26020097732543945, 0.5466561317443848, 1.6158573627471924, 0.1579606533050537, 0.33212804794311523, 0.8068263530731201, 0.19121623039245605, 0.54290771484375, 1.6196680068969727, 0.20465898513793945, 0.35199689865112305, 0.33545613288879395, 0.7975127696990967, 0.5442624092102051, 1.6312475204467773, 0.196807861328125, 0.35087132453918457, 0.451113224029541, 0.7966554164886475, 1.6435320377349854, 0.14498472213745117, 0.19497275352478027, 0.24368572235107422, 0.3532381057739258, 0.44748759269714355, 0.7844460010528564, 1.6431884765625

Timing for n = 6

option = 0
0.6639423370361328, 0.5312943458557129, 0.919736385345459, 1.314626693725586, 1.8682117462158203, 6.577498197555542, 15.020669221878052, 0.4520740509033203, 1.3417463302612305, 6.458847522735596, 1.286928653717041, 11.781571865081787, 29.520767211914062, 1.3429558277130127, 11.655987024307251, 64.3531882762909, 11.696958065032959, 59.61379075050354, 135.56932759284973, 61.279072284698486, 63.020896196365356, 131.34452319145203, 136.17133808135986, 137.41201782226562, 133.55585932731628, 129.5874309539795, 134.61094999313354, 132.03176617622375, 133.66020250320435, 137.44681215286255, 137.71141529083252

option = 1
0.4485805034637451, 0.4311950206756592, 0.4858741760253906, 0.5959699153900146, 0.5403575897216797, 1.1801979541778564, 2.2312474250793457, 0.4310736656188965, 0.596142053604126, 1.165137529373169, 0.5125856399536133, 1.5690393447875977, 3.3373348712921143, 0.5974626541137695, 0.7685701847076416, 3.3283779621124268, 1.545534372329712, 1.0197994709014893, 2.549257278442383, 3.290910243988037, 4.955473899841309, 0.8244819641113281, 2.5509512424468994, 5.01248025894165, 0.5082178115844727, 0.8262190818786621, 1.4428038597106934, 2.555884599685669, 1.6296977996826172, 5.020421504974365, 8.032446384429932
