TIMINGS FOR SORTED RECURRENTS

Timing for n = 5

option = 0
0.14165759086608887, 0.13440179824829102, 0.17870068550109863, 0.23164033889770508, 0.35106968879699707, 0.5992221832275391, 1.1173253059387207, 0.1348264217376709, 0.22454071044921875, 0.35080957412719727, 0.5849204063415527, 1.132028341293335, 0.2163534164428711, 0.5518374443054199, 0.9900271892547607, 0.22463464736938477, 0.5857446193695068, 1.1174304485321045, 0.5041670799255371, 0.9697628021240234, 0.5518062114715576, 0.994173526763916, 0.5961987972259521, 1.1203680038452148, 0.8479568958282471, 0.8924517631530762, 0.8949382305145264, 0.9708461761474609, 1.107250452041626, 0.7972280979156494, 0.8427190780639648, 0.8648262023925781, 0.8733558654785156, 0.9943177700042725, 1.0275352001190186, 1.117936611175537

option = 1
0.14317703247070312, 0.13436269760131836, 0.14964818954467773, 0.1935892105102539, 0.26039624214172363, 0.5463287830352783, 1.6255860328674316, 0.1308755874633789, 0.18818068504333496, 0.26020097732543945, 0.5466561317443848, 1.6158573627471924, 0.1579606533050537, 0.33212804794311523, 0.8068263530731201, 0.19121623039245605, 0.54290771484375, 1.6196680068969727, 0.20465898513793945, 0.35199689865112305, 0.33545613288879395, 0.7975127696990967, 0.5442624092102051, 1.6312475204467773, 0.196807861328125, 0.35087132453918457, 0.451113224029541, 0.7966554164886475, 1.6435320377349854, 0.14498472213745117, 0.19497275352478027, 0.24368572235107422, 0.3532381057739258, 0.44748759269714355, 0.7844460010528564, 1.6431884765625

Timing for n = 6

option = 0


option = 1
